[
    1,
    0,
    0,
    [
        [
            "cc.Skeleton",
            [
                "_name",
                "_hash",
                "_joints",
                "_bindposes"
            ],
            0,
            12
        ]
    ],
    [
        [
            0,
            0,
            1,
            2,
            3,
            4
        ]
    ],
    [
        [
            0,
            "Skin-0",
            2969263077,
            [
                "Armature/mixamorig:Hips",
                "Armature/mixamorig:Hips/mixamorig:Spine",
                "Armature/mixamorig:Hips/mixamorig:Spine/mixamorig:Spine1",
                "Armature/mixamorig:Hips/mixamorig:Spine/mixamorig:Spine1/mixamorig:Spine2",
                "Armature/mixamorig:Hips/mixamorig:Spine/mixamorig:Spine1/mixamorig:Spine2/mixamorig:Neck",
                "Armature/mixamorig:Hips/mixamorig:Spine/mixamorig:Spine1/mixamorig:Spine2/mixamorig:Neck/mixamorig:Head",
                "Armature/mixamorig:Hips/mixamorig:Spine/mixamorig:Spine1/mixamorig:Spine2/mixamorig:LeftShoulder",
                "Armature/mixamorig:Hips/mixamorig:Spine/mixamorig:Spine1/mixamorig:Spine2/mixamorig:LeftShoulder/mixamorig:LeftArm",
                "Armature/mixamorig:Hips/mixamorig:Spine/mixamorig:Spine1/mixamorig:Spine2/mixamorig:LeftShoulder/mixamorig:LeftArm/mixamorig:LeftForeArm",
                "Armature/mixamorig:Hips/mixamorig:Spine/mixamorig:Spine1/mixamorig:Spine2/mixamorig:LeftShoulder/mixamorig:LeftArm/mixamorig:LeftForeArm/mixamorig:LeftHand",
                "Armature/mixamorig:Hips/mixamorig:Spine/mixamorig:Spine1/mixamorig:Spine2/mixamorig:LeftShoulder/mixamorig:LeftArm/mixamorig:LeftForeArm/mixamorig:LeftHand/mixamorig:LeftHandThumb1",
                "Armature/mixamorig:Hips/mixamorig:Spine/mixamorig:Spine1/mixamorig:Spine2/mixamorig:LeftShoulder/mixamorig:LeftArm/mixamorig:LeftForeArm/mixamorig:LeftHand/mixamorig:LeftHandThumb1/mixamorig:LeftHandThumb2",
                "Armature/mixamorig:Hips/mixamorig:Spine/mixamorig:Spine1/mixamorig:Spine2/mixamorig:LeftShoulder/mixamorig:LeftArm/mixamorig:LeftForeArm/mixamorig:LeftHand/mixamorig:LeftHandThumb1/mixamorig:LeftHandThumb2/mixamorig:LeftHandThumb3",
                "Armature/mixamorig:Hips/mixamorig:Spine/mixamorig:Spine1/mixamorig:Spine2/mixamorig:LeftShoulder/mixamorig:LeftArm/mixamorig:LeftForeArm/mixamorig:LeftHand/mixamorig:LeftHandIndex1",
                "Armature/mixamorig:Hips/mixamorig:Spine/mixamorig:Spine1/mixamorig:Spine2/mixamorig:LeftShoulder/mixamorig:LeftArm/mixamorig:LeftForeArm/mixamorig:LeftHand/mixamorig:LeftHandIndex1/mixamorig:LeftHandIndex2",
                "Armature/mixamorig:Hips/mixamorig:Spine/mixamorig:Spine1/mixamorig:Spine2/mixamorig:LeftShoulder/mixamorig:LeftArm/mixamorig:LeftForeArm/mixamorig:LeftHand/mixamorig:LeftHandIndex1/mixamorig:LeftHandIndex2/mixamorig:LeftHandIndex3",
                "Armature/mixamorig:Hips/mixamorig:Spine/mixamorig:Spine1/mixamorig:Spine2/mixamorig:LeftShoulder/mixamorig:LeftArm/mixamorig:LeftForeArm/mixamorig:LeftHand/mixamorig:LeftHandMiddle1",
                "Armature/mixamorig:Hips/mixamorig:Spine/mixamorig:Spine1/mixamorig:Spine2/mixamorig:LeftShoulder/mixamorig:LeftArm/mixamorig:LeftForeArm/mixamorig:LeftHand/mixamorig:LeftHandMiddle1/mixamorig:LeftHandMiddle2",
                "Armature/mixamorig:Hips/mixamorig:Spine/mixamorig:Spine1/mixamorig:Spine2/mixamorig:LeftShoulder/mixamorig:LeftArm/mixamorig:LeftForeArm/mixamorig:LeftHand/mixamorig:LeftHandMiddle1/mixamorig:LeftHandMiddle2/mixamorig:LeftHandMiddle3",
                "Armature/mixamorig:Hips/mixamorig:Spine/mixamorig:Spine1/mixamorig:Spine2/mixamorig:LeftShoulder/mixamorig:LeftArm/mixamorig:LeftForeArm/mixamorig:LeftHand/mixamorig:LeftHandRing1",
                "Armature/mixamorig:Hips/mixamorig:Spine/mixamorig:Spine1/mixamorig:Spine2/mixamorig:LeftShoulder/mixamorig:LeftArm/mixamorig:LeftForeArm/mixamorig:LeftHand/mixamorig:LeftHandRing1/mixamorig:LeftHandRing2",
                "Armature/mixamorig:Hips/mixamorig:Spine/mixamorig:Spine1/mixamorig:Spine2/mixamorig:LeftShoulder/mixamorig:LeftArm/mixamorig:LeftForeArm/mixamorig:LeftHand/mixamorig:LeftHandRing1/mixamorig:LeftHandRing2/mixamorig:LeftHandRing3",
                "Armature/mixamorig:Hips/mixamorig:Spine/mixamorig:Spine1/mixamorig:Spine2/mixamorig:LeftShoulder/mixamorig:LeftArm/mixamorig:LeftForeArm/mixamorig:LeftHand/mixamorig:LeftHandPinky1",
                "Armature/mixamorig:Hips/mixamorig:Spine/mixamorig:Spine1/mixamorig:Spine2/mixamorig:LeftShoulder/mixamorig:LeftArm/mixamorig:LeftForeArm/mixamorig:LeftHand/mixamorig:LeftHandPinky1/mixamorig:LeftHandPinky2",
                "Armature/mixamorig:Hips/mixamorig:Spine/mixamorig:Spine1/mixamorig:Spine2/mixamorig:LeftShoulder/mixamorig:LeftArm/mixamorig:LeftForeArm/mixamorig:LeftHand/mixamorig:LeftHandPinky1/mixamorig:LeftHandPinky2/mixamorig:LeftHandPinky3",
                "Armature/mixamorig:Hips/mixamorig:Spine/mixamorig:Spine1/mixamorig:Spine2/mixamorig:RightShoulder",
                "Armature/mixamorig:Hips/mixamorig:Spine/mixamorig:Spine1/mixamorig:Spine2/mixamorig:RightShoulder/mixamorig:RightArm",
                "Armature/mixamorig:Hips/mixamorig:Spine/mixamorig:Spine1/mixamorig:Spine2/mixamorig:RightShoulder/mixamorig:RightArm/mixamorig:RightForeArm",
                "Armature/mixamorig:Hips/mixamorig:Spine/mixamorig:Spine1/mixamorig:Spine2/mixamorig:RightShoulder/mixamorig:RightArm/mixamorig:RightForeArm/mixamorig:RightHand",
                "Armature/mixamorig:Hips/mixamorig:Spine/mixamorig:Spine1/mixamorig:Spine2/mixamorig:RightShoulder/mixamorig:RightArm/mixamorig:RightForeArm/mixamorig:RightHand/mixamorig:RightHandThumb1",
                "Armature/mixamorig:Hips/mixamorig:Spine/mixamorig:Spine1/mixamorig:Spine2/mixamorig:RightShoulder/mixamorig:RightArm/mixamorig:RightForeArm/mixamorig:RightHand/mixamorig:RightHandThumb1/mixamorig:RightHandThumb2",
                "Armature/mixamorig:Hips/mixamorig:Spine/mixamorig:Spine1/mixamorig:Spine2/mixamorig:RightShoulder/mixamorig:RightArm/mixamorig:RightForeArm/mixamorig:RightHand/mixamorig:RightHandThumb1/mixamorig:RightHandThumb2/mixamorig:RightHandThumb3",
                "Armature/mixamorig:Hips/mixamorig:Spine/mixamorig:Spine1/mixamorig:Spine2/mixamorig:RightShoulder/mixamorig:RightArm/mixamorig:RightForeArm/mixamorig:RightHand/mixamorig:RightHandIndex1",
                "Armature/mixamorig:Hips/mixamorig:Spine/mixamorig:Spine1/mixamorig:Spine2/mixamorig:RightShoulder/mixamorig:RightArm/mixamorig:RightForeArm/mixamorig:RightHand/mixamorig:RightHandIndex1/mixamorig:RightHandIndex2",
                "Armature/mixamorig:Hips/mixamorig:Spine/mixamorig:Spine1/mixamorig:Spine2/mixamorig:RightShoulder/mixamorig:RightArm/mixamorig:RightForeArm/mixamorig:RightHand/mixamorig:RightHandIndex1/mixamorig:RightHandIndex2/mixamorig:RightHandIndex3",
                "Armature/mixamorig:Hips/mixamorig:Spine/mixamorig:Spine1/mixamorig:Spine2/mixamorig:RightShoulder/mixamorig:RightArm/mixamorig:RightForeArm/mixamorig:RightHand/mixamorig:RightHandMiddle1",
                "Armature/mixamorig:Hips/mixamorig:Spine/mixamorig:Spine1/mixamorig:Spine2/mixamorig:RightShoulder/mixamorig:RightArm/mixamorig:RightForeArm/mixamorig:RightHand/mixamorig:RightHandMiddle1/mixamorig:RightHandMiddle2",
                "Armature/mixamorig:Hips/mixamorig:Spine/mixamorig:Spine1/mixamorig:Spine2/mixamorig:RightShoulder/mixamorig:RightArm/mixamorig:RightForeArm/mixamorig:RightHand/mixamorig:RightHandMiddle1/mixamorig:RightHandMiddle2/mixamorig:RightHandMiddle3",
                "Armature/mixamorig:Hips/mixamorig:Spine/mixamorig:Spine1/mixamorig:Spine2/mixamorig:RightShoulder/mixamorig:RightArm/mixamorig:RightForeArm/mixamorig:RightHand/mixamorig:RightHandRing1",
                "Armature/mixamorig:Hips/mixamorig:Spine/mixamorig:Spine1/mixamorig:Spine2/mixamorig:RightShoulder/mixamorig:RightArm/mixamorig:RightForeArm/mixamorig:RightHand/mixamorig:RightHandRing1/mixamorig:RightHandRing2",
                "Armature/mixamorig:Hips/mixamorig:Spine/mixamorig:Spine1/mixamorig:Spine2/mixamorig:RightShoulder/mixamorig:RightArm/mixamorig:RightForeArm/mixamorig:RightHand/mixamorig:RightHandRing1/mixamorig:RightHandRing2/mixamorig:RightHandRing3",
                "Armature/mixamorig:Hips/mixamorig:Spine/mixamorig:Spine1/mixamorig:Spine2/mixamorig:RightShoulder/mixamorig:RightArm/mixamorig:RightForeArm/mixamorig:RightHand/mixamorig:RightHandPinky1",
                "Armature/mixamorig:Hips/mixamorig:Spine/mixamorig:Spine1/mixamorig:Spine2/mixamorig:RightShoulder/mixamorig:RightArm/mixamorig:RightForeArm/mixamorig:RightHand/mixamorig:RightHandPinky1/mixamorig:RightHandPinky2",
                "Armature/mixamorig:Hips/mixamorig:Spine/mixamorig:Spine1/mixamorig:Spine2/mixamorig:RightShoulder/mixamorig:RightArm/mixamorig:RightForeArm/mixamorig:RightHand/mixamorig:RightHandPinky1/mixamorig:RightHandPinky2/mixamorig:RightHandPinky3",
                "Armature/mixamorig:Hips/mixamorig:LeftUpLeg",
                "Armature/mixamorig:Hips/mixamorig:LeftUpLeg/mixamorig:LeftLeg",
                "Armature/mixamorig:Hips/mixamorig:LeftUpLeg/mixamorig:LeftLeg/mixamorig:LeftFoot",
                "Armature/mixamorig:Hips/mixamorig:LeftUpLeg/mixamorig:LeftLeg/mixamorig:LeftFoot/mixamorig:LeftToeBase",
                "Armature/mixamorig:Hips/mixamorig:RightUpLeg",
                "Armature/mixamorig:Hips/mixamorig:RightUpLeg/mixamorig:RightLeg",
                "Armature/mixamorig:Hips/mixamorig:RightUpLeg/mixamorig:RightLeg/mixamorig:RightFoot",
                "Armature/mixamorig:Hips/mixamorig:RightUpLeg/mixamorig:RightLeg/mixamorig:RightFoot/mixamorig:RightToeBase"
            ],
            [
                [
                    [
                        7,
                        0.9999999403953552,
                        1.1641659858341313e-10,
                        -3.608875642768794e-9,
                        0,
                        1.164183194291013e-10,
                        -1,
                        4.7545071879540046e-7,
                        0,
                        -3.608875864813399e-9,
                        -4.7545071879540046e-7,
                        -1,
                        0,
                        -8.716598109970164e-9,
                        -1.085512399673462,
                        -0.009404629468917847,
                        1
                    ],
                    [
                        7,
                        0.9999999403953552,
                        6.060113522110555e-10,
                        -3.559534444974588e-9,
                        0,
                        1.1641826391795007e-10,
                        -0.9907137751579285,
                        -0.13596317172050476,
                        0,
                        -3.608875420724189e-9,
                        0.13596317172050476,
                        -0.9907138347625732,
                        0,
                        -8.716598109970164e-9,
                        -1.1785080432891846,
                        -0.15690751373767853,
                        1
                    ],
                    [
                        7,
                        0.9999999403953552,
                        6.060103530103333e-10,
                        -3.559534667019193e-9,
                        0,
                        1.1641829167352569e-10,
                        -0.9907138347625732,
                        -0.13596288859844208,
                        0,
                        -3.608875864813399e-9,
                        0.13596288859844208,
                        -0.990713894367218,
                        0,
                        -8.716598109970164e-9,
                        -1.3002548217773438,
                        -0.15690714120864868,
                        1
                    ],
                    [
                        7,
                        0.9999999403953552,
                        6.060106305660895e-10,
                        -3.559534667019193e-9,
                        0,
                        1.1641829167352569e-10,
                        -0.9907138347625732,
                        -0.13596296310424805,
                        0,
                        -3.608875864813399e-9,
                        0.13596296310424805,
                        -0.990713894367218,
                        0,
                        -8.716598109970164e-9,
                        -1.439394474029541,
                        -0.15690724551677704,
                        1
                    ],
                    [
                        7,
                        0.9999999403953552,
                        1.1641659858341313e-10,
                        -3.608876086858004e-9,
                        0,
                        1.164183194291013e-10,
                        -1,
                        4.742760779663513e-7,
                        0,
                        -3.608875864813399e-9,
                        -4.7427602112293243e-7,
                        -1.0000001192092896,
                        0,
                        -8.716598109970164e-9,
                        -1.6024402379989624,
                        0.061537496745586395,
                        1
                    ],
                    [
                        7,
                        0.9999999403953552,
                        1.1641644592774725e-10,
                        -3.608875642768794e-9,
                        0,
                        1.164183194291013e-10,
                        -0.9999998807907104,
                        5.137241601005371e-7,
                        0,
                        -3.608875864813399e-9,
                        -5.137241032571183e-7,
                        -1,
                        0,
                        -8.716598109970164e-9,
                        -1.6937772035598755,
                        0.029264237731695175,
                        1
                    ],
                    [
                        7,
                        -0.039582520723342896,
                        0.9604895114898682,
                        -0.27548718452453613,
                        0,
                        0.13604052364826202,
                        0.27831628918647766,
                        0.9508066177368164,
                        0,
                        0.9899123907089233,
                        0.00015789896133355796,
                        -0.14168193936347961,
                        0,
                        0.15705183148384094,
                        0.3551042377948761,
                        1.532128095626831,
                        1
                    ],
                    [
                        7,
                        0.01202384103089571,
                        0.8395067453384399,
                        -0.5432161688804626,
                        0,
                        0.1507813036441803,
                        0.5355214476585388,
                        0.8309523463249207,
                        0,
                        0.9884941577911377,
                        -0.09189808368682861,
                        -0.12014288455247879,
                        0,
                        0.16594000160694122,
                        0.5999251008033752,
                        1.418971300125122,
                        1
                    ],
                    [
                        7,
                        0.0775371566414833,
                        0.9423986077308655,
                        -0.32538121938705444,
                        0,
                        0.19213667511940002,
                        0.3061213791370392,
                        0.9324019551277161,
                        0,
                        0.9783006310462952,
                        -0.13481344282627106,
                        -0.15733352303504944,
                        0,
                        0.1929922252893448,
                        -0.01360677182674408,
                        1.4588149785995483,
                        1
                    ],
                    [
                        7,
                        0.1691562533378601,
                        0.8529494404792786,
                        -0.4938254654407501,
                        0,
                        0.14053232967853546,
                        0.4750528931617737,
                        0.8686630725860596,
                        0,
                        0.975519061088562,
                        -0.21633820235729218,
                        -0.039508797228336334,
                        0,
                        0.05990591272711754,
                        0.01869533583521843,
                        1.494336485862732,
                        1
                    ],
                    [
                        7,
                        0.6403173804283142,
                        0.3647415041923523,
                        -0.675986111164093,
                        0,
                        0.3940010368824005,
                        0.5994977355003357,
                        0.6966818571090698,
                        0,
                        0.6593611240386963,
                        -0.712436854839325,
                        0.2401602864265442,
                        0,
                        0.054666485637426376,
                        0.46967488527297974,
                        1.3964909315109253,
                        1
                    ],
                    [
                        7,
                        0.6403185129165649,
                        -0.008487164974212646,
                        -0.7680627107620239,
                        0,
                        0.3940016031265259,
                        0.8619953989982605,
                        0.31894606351852417,
                        0,
                        0.6593597531318665,
                        -0.5068448781967163,
                        0.5552955865859985,
                        0,
                        0.05089578032493591,
                        1.0437482595443726,
                        1.0182665586471558,
                        1
                    ],
                    [
                        7,
                        0.6403180360794067,
                        0.09426470845937729,
                        -0.7623037695884705,
                        0,
                        0.39400118589401245,
                        0.8116219639778137,
                        0.43131545186042786,
                        0,
                        0.6593603491783142,
                        -0.5765275955200195,
                        0.4825558364391327,
                        0,
                        0.0571875274181366,
                        0.8465997576713562,
                        1.1416881084442139,
                        1
                    ],
                    [
                        7,
                        0.17914721369743347,
                        0.8168308734893799,
                        -0.5483553409576416,
                        0,
                        0.14609041810035706,
                        0.5291064381599426,
                        0.835885226726532,
                        0,
                        0.9729153513908386,
                        -0.2298559695482254,
                        -0.024543223902583122,
                        0,
                        0.11164632439613342,
                        -0.04956161975860596,
                        1.5022482872009277,
                        1
                    ],
                    [
                        7,
                        0.17914628982543945,
                        0.7095261216163635,
                        -0.6815271377563477,
                        0,
                        0.14609169960021973,
                        0.6658686399459839,
                        0.7316259741783142,
                        0,
                        0.9729154109954834,
                        -0.23063351213932037,
                        0.015632014721632004,
                        0,
                        0.11125048249959946,
                        0.16085848212242126,
                        1.4970102310180664,
                        1
                    ],
                    [
                        7,
                        0.17914772033691406,
                        0.5654737949371338,
                        -0.8050749897956848,
                        0,
                        0.1460915207862854,
                        0.793951153755188,
                        0.5901690721511841,
                        0,
                        0.9729152321815491,
                        -0.22334206104278564,
                        0.05962358042597771,
                        0,
                        0.11125090718269348,
                        0.39489102363586426,
                        1.4481337070465088,
                        1
                    ],
                    [
                        7,
                        0.08636900037527084,
                        0.8182263970375061,
                        -0.5683714151382446,
                        0,
                        0.09420885145664215,
                        0.5612393021583557,
                        0.8222745060920715,
                        0,
                        0.9917991161346436,
                        -0.12456465512514114,
                        -0.028610479086637497,
                        0,
                        0.0940399020910263,
                        -0.01711222529411316,
                        1.5040063858032227,
                        1
                    ],
                    [
                        7,
                        0.08636889606714249,
                        0.6665567755699158,
                        -0.7404338717460632,
                        0,
                        0.09420832991600037,
                        0.7344165444374084,
                        0.6721287965774536,
                        0,
                        0.9917990565299988,
                        -0.12780608236789703,
                        0.0006355426157824695,
                        0,
                        0.09389355778694153,
                        0.27857857942581177,
                        1.479506492614746,
                        1
                    ],
                    [
                        7,
                        0.0863698348402977,
                        0.5275368690490723,
                        -0.8451302647590637,
                        0,
                        0.09420788288116455,
                        0.8401744961738586,
                        0.534071147441864,
                        0,
                        0.9917991757392883,
                        -0.12574556469917297,
                        0.022867601364850998,
                        0,
                        0.09391798824071884,
                        0.48746630549430847,
                        1.4162870645523071,
                        1
                    ],
                    [
                        7,
                        0.10237979143857956,
                        0.7339534163475037,
                        -0.6714394688606262,
                        0,
                        0.10320181399583817,
                        0.6635070443153381,
                        0.7410183548927307,
                        0,
                        0.9893777370452881,
                        -0.1451590657234192,
                        -0.007815616205334663,
                        0,
                        0.05094577372074127,
                        0.18291814625263214,
                        1.4934483766555786,
                        1
                    ],
                    [
                        7,
                        0.10238128900527954,
                        0.7022212147712708,
                        -0.7045589685440063,
                        0,
                        0.10320035368204117,
                        0.6969608068466187,
                        0.709644615650177,
                        0,
                        0.9893776178359985,
                        -0.14536504447460175,
                        -0.001113738282583654,
                        0,
                        0.050882793962955475,
                        0.2040085345506668,
                        1.4856232404708862,
                        1
                    ],
                    [
                        7,
                        0.10238191485404968,
                        0.6217077970504761,
                        -0.77652907371521,
                        0,
                        0.10319987684488297,
                        0.7697804570198059,
                        0.6299111247062683,
                        0,
                        0.989377498626709,
                        -0.14462919533252716,
                        0.014651427045464516,
                        0,
                        0.05086764320731163,
                        0.3199908435344696,
                        1.4595361948013306,
                        1
                    ],
                    [
                        7,
                        0.08950027823448181,
                        0.7792161107063293,
                        -0.6203321218490601,
                        0,
                        0.09596734493970871,
                        0.6131870150566101,
                        0.7840866446495056,
                        0,
                        0.9913527965545654,
                        -0.12970761954784393,
                        -0.01989888772368431,
                        0,
                        0.021249128505587578,
                        0.08759398758411407,
                        1.5027856826782227,
                        1
                    ],
                    [
                        7,
                        0.08950046449899673,
                        0.7140042781829834,
                        -0.6943973302841187,
                        0,
                        0.09596727788448334,
                        0.6877692341804504,
                        0.7195581197738647,
                        0,
                        0.9913527369499207,
                        -0.13104020059108734,
                        -0.006965377368032932,
                        0,
                        0.021174374967813492,
                        0.18896350264549255,
                        1.491406798362732,
                        1
                    ],
                    [
                        7,
                        0.08950232714414597,
                        0.6243457794189453,
                        -0.7760036587715149,
                        0,
                        0.09596578031778336,
                        0.7700998187065125,
                        0.6306639313697815,
                        0,
                        0.9913526773452759,
                        -0.13091570138931274,
                        0.009009894914925098,
                        0,
                        0.021172916516661644,
                        0.3291650414466858,
                        1.4622465372085571,
                        1
                    ],
                    [
                        7,
                        -0.03925697132945061,
                        -0.9604892134666443,
                        0.27553439140319824,
                        0,
                        -0.13603903353214264,
                        0.2783168852329254,
                        0.9508066177368164,
                        0,
                        -0.9899253249168396,
                        -0.0001576470531290397,
                        -0.1415899395942688,
                        0,
                        -0.15704919397830963,
                        0.35512447357177734,
                        1.5321223735809326,
                        1
                    ],
                    [
                        7,
                        0.01222111377865076,
                        -0.8394951820373535,
                        0.5432294607162476,
                        0,
                        -0.15074491500854492,
                        0.535514235496521,
                        0.8309636116027832,
                        0,
                        -0.9884971380233765,
                        -0.0920443907380104,
                        -0.12000507116317749,
                        0,
                        -0.16591863334178925,
                        0.5999181866645813,
                        1.4189724922180176,
                        1
                    ],
                    [
                        7,
                        0.07796579599380493,
                        -0.9423407316207886,
                        0.32544660568237305,
                        0,
                        -0.19224341213703156,
                        0.3061031401157379,
                        0.9323859810829163,
                        0,
                        -0.9782453179359436,
                        -0.13525919616222382,
                        -0.15729323029518127,
                        0,
                        -0.19306185841560364,
                        -0.013604143634438515,
                        1.4588022232055664,
                        1
                    ],
                    [
                        7,
                        0.1720890998840332,
                        -0.8528043031692505,
                        0.4930621087551117,
                        0,
                        -0.14428555965423584,
                        0.47330987453460693,
                        0.8689991235733032,
                        0,
                        -0.9744572639465332,
                        -0.22068707644939423,
                        -0.04159587249159813,
                        0,
                        -0.06299331784248352,
                        0.016473393887281418,
                        1.494234323501587,
                        1
                    ],
                    [
                        7,
                        0.6199400424957275,
                        -0.38037896156311035,
                        0.6862841248512268,
                        0,
                        -0.38448941707611084,
                        0.615169882774353,
                        0.6882833242416382,
                        0,
                        -0.6839900016784668,
                        -0.6905634999275208,
                        0.23511675000190735,
                        0,
                        -0.05822591856122017,
                        0.47957804799079895,
                        1.3928534984588623,
                        1
                    ],
                    [
                        7,
                        0.6199390888214111,
                        -0.011663340032100677,
                        0.7845631241798401,
                        0,
                        -0.3844907879829407,
                        0.8671017289161682,
                        0.31670379638671875,
                        0,
                        -0.6839900612831116,
                        -0.49799439311027527,
                        0.5330658555030823,
                        0,
                        -0.05567082762718201,
                        1.0362653732299805,
                        1.025266170501709,
                        1
                    ],
                    [
                        7,
                        0.6199391484260559,
                        -0.010662213899195194,
                        0.7845774292945862,
                        0,
                        -0.3844894766807556,
                        0.8675061464309692,
                        0.31559622287750244,
                        0,
                        -0.6839906573295593,
                        -0.4973122179508209,
                        0.5337015986442566,
                        0,
                        -0.06347378343343735,
                        0.9851567149162292,
                        1.0240082740783691,
                        1
                    ],
                    [
                        7,
                        0.10883183032274246,
                        -0.7987241744995117,
                        0.5917730927467346,
                        0,
                        -0.10904669016599655,
                        0.5821238160133362,
                        0.8057547807693481,
                        0,
                        -0.9880611300468445,
                        -0.1522226780653,
                        -0.023744624108076096,
                        0,
                        -0.13179975748062134,
                        0.027111295610666275,
                        1.5033427476882935,
                        1
                    ],
                    [
                        7,
                        0.10883285850286484,
                        -0.7057095766067505,
                        0.7000925540924072,
                        0,
                        -0.10904549062252045,
                        0.6915502548217773,
                        0.7140500545501709,
                        0,
                        -0.9880611300468445,
                        -0.15405407547950745,
                        -0.0016910593258216977,
                        0,
                        -0.1316697746515274,
                        0.1935659497976303,
                        1.490991473197937,
                        1
                    ],
                    [
                        7,
                        0.10883123427629471,
                        -0.6182715892791748,
                        0.7783931493759155,
                        0,
                        -0.10904677957296371,
                        0.7708932757377625,
                        0.6275607943534851,
                        0,
                        -0.9880611300468445,
                        -0.15317951142787933,
                        0.016476739197969437,
                        0,
                        -0.1316879540681839,
                        0.3226994574069977,
                        1.4631550312042236,
                        1
                    ],
                    [
                        7,
                        0.09604285657405853,
                        -0.7961065173149109,
                        0.5974864959716797,
                        0,
                        -0.10188976675271988,
                        0.5892453789710999,
                        0.8015037178993225,
                        0,
                        -0.9901486039161682,
                        -0.13785649836063385,
                        -0.024522291496396065,
                        0,
                        -0.09450189024209976,
                        0.04087522625923157,
                        1.5050817728042603,
                        1
                    ],
                    [
                        7,
                        0.09604272991418839,
                        -0.6901325583457947,
                        0.7172816395759583,
                        0,
                        -0.10189002007246017,
                        0.7100114226341248,
                        0.6967800855636597,
                        0,
                        -0.9901485443115234,
                        -0.14000453054904938,
                        -0.0021261870861053467,
                        0,
                        -0.0944257378578186,
                        0.23338447511196136,
                        1.486897587776184,
                        1
                    ],
                    [
                        7,
                        0.09604272246360779,
                        -0.7099428176879883,
                        0.6976796984672546,
                        0,
                        -0.1018894836306572,
                        0.6902263164520264,
                        0.7163841724395752,
                        0,
                        -0.990148663520813,
                        -0.13988976180553436,
                        -0.006044488865882158,
                        0,
                        -0.09447933733463287,
                        0.14524134993553162,
                        1.4915485382080078,
                        1
                    ],
                    [
                        7,
                        0.0891931802034378,
                        -0.7600469589233398,
                        0.6437181234359741,
                        0,
                        -0.09804936498403549,
                        0.6364548802375793,
                        0.7650565505027771,
                        0,
                        -0.9911766648292542,
                        -0.13135400414466858,
                        -0.01775468699634075,
                        0,
                        -0.05635852739214897,
                        0.12656566500663757,
                        1.498343825340271,
                        1
                    ],
                    [
                        7,
                        0.08919064700603485,
                        -0.6826622486114502,
                        0.7252704501152039,
                        0,
                        -0.09805148839950562,
                        0.7186177372932434,
                        0.6884581446647644,
                        0,
                        -0.9911766648292542,
                        -0.13251787424087524,
                        -0.0028420649468898773,
                        0,
                        -0.05630169436335564,
                        0.24768534302711487,
                        1.4798582792282104,
                        1
                    ],
                    [
                        7,
                        0.08919129520654678,
                        -0.6470743417739868,
                        0.7571919560432434,
                        0,
                        -0.09805100411176682,
                        0.7508249282836914,
                        0.6531830430030823,
                        0,
                        -0.9911766052246094,
                        -0.13250164687633514,
                        0.0035207574255764484,
                        0,
                        -0.05631900951266289,
                        0.27369025349617004,
                        1.4684168100357056,
                        1
                    ],
                    [
                        7,
                        0.103721022605896,
                        -0.7778165340423584,
                        0.619873583316803,
                        0,
                        -0.10618755966424942,
                        0.6110131740570068,
                        0.7844660878181458,
                        0,
                        -0.9889218211174011,
                        -0.14718851447105408,
                        -0.019219521433115005,
                        0,
                        -0.02049727737903595,
                        0.08854243159294128,
                        1.502672553062439,
                        1
                    ],
                    [
                        7,
                        0.10372187942266464,
