[
    1,
    0,
    0,
    [
        [
            "cc.Skeleton",
            [
                "_name",
                "_hash",
                "_joints",
                "_bindposes"
            ],
            0,
            12
        ]
    ],
    [
        [
            0,
            0,
            1,
            2,
            3,
            4
        ]
    ],
    [
        [
            0,
            "Skin-0",
            2389494021,
            [
                "Armature/mixamorig:Hips",
                "Armature/mixamorig:Hips/mixamorig:Spine",
                "Armature/mixamorig:Hips/mixamorig:Spine/mixamorig:Spine1",
                "Armature/mixamorig:Hips/mixamorig:Spine/mixamorig:Spine1/mixamorig:Spine2",
                "Armature/mixamorig:Hips/mixamorig:Spine/mixamorig:Spine1/mixamorig:Spine2/mixamorig:Neck",
                "Armature/mixamorig:Hips/mixamorig:Spine/mixamorig:Spine1/mixamorig:Spine2/mixamorig:Neck/mixamorig:Head",
                "Armature/mixamorig:Hips/mixamorig:Spine/mixamorig:Spine1/mixamorig:Spine2/mixamorig:LeftShoulder",
                "Armature/mixamorig:Hips/mixamorig:Spine/mixamorig:Spine1/mixamorig:Spine2/mixamorig:LeftShoulder/mixamorig:LeftArm",
                "Armature/mixamorig:Hips/mixamorig:Spine/mixamorig:Spine1/mixamorig:Spine2/mixamorig:LeftShoulder/mixamorig:LeftArm/mixamorig:LeftForeArm",
                "Armature/mixamorig:Hips/mixamorig:Spine/mixamorig:Spine1/mixamorig:Spine2/mixamorig:LeftShoulder/mixamorig:LeftArm/mixamorig:LeftForeArm/mixamorig:LeftHand",
                "Armature/mixamorig:Hips/mixamorig:Spine/mixamorig:Spine1/mixamorig:Spine2/mixamorig:LeftShoulder/mixamorig:LeftArm/mixamorig:LeftForeArm/mixamorig:LeftHand/mixamorig:LeftHandThumb1",
                "Armature/mixamorig:Hips/mixamorig:Spine/mixamorig:Spine1/mixamorig:Spine2/mixamorig:LeftShoulder/mixamorig:LeftArm/mixamorig:LeftForeArm/mixamorig:LeftHand/mixamorig:LeftHandThumb1/mixamorig:LeftHandThumb2",
                "Armature/mixamorig:Hips/mixamorig:Spine/mixamorig:Spine1/mixamorig:Spine2/mixamorig:LeftShoulder/mixamorig:LeftArm/mixamorig:LeftForeArm/mixamorig:LeftHand/mixamorig:LeftHandThumb1/mixamorig:LeftHandThumb2/mixamorig:LeftHandThumb3",
                "Armature/mixamorig:Hips/mixamorig:Spine/mixamorig:Spine1/mixamorig:Spine2/mixamorig:LeftShoulder/mixamorig:LeftArm/mixamorig:LeftForeArm/mixamorig:LeftHand/mixamorig:LeftHandIndex1",
                "Armature/mixamorig:Hips/mixamorig:Spine/mixamorig:Spine1/mixamorig:Spine2/mixamorig:LeftShoulder/mixamorig:LeftArm/mixamorig:LeftForeArm/mixamorig:LeftHand/mixamorig:LeftHandIndex1/mixamorig:LeftHandIndex2",
                "Armature/mixamorig:Hips/mixamorig:Spine/mixamorig:Spine1/mixamorig:Spine2/mixamorig:LeftShoulder/mixamorig:LeftArm/mixamorig:LeftForeArm/mixamorig:LeftHand/mixamorig:LeftHandIndex1/mixamorig:LeftHandIndex2/mixamorig:LeftHandIndex3",
                "Armature/mixamorig:Hips/mixamorig:Spine/mixamorig:Spine1/mixamorig:Spine2/mixamorig:LeftShoulder/mixamorig:LeftArm/mixamorig:LeftForeArm/mixamorig:LeftHand/mixamorig:LeftHandMiddle1",
                "Armature/mixamorig:Hips/mixamorig:Spine/mixamorig:Spine1/mixamorig:Spine2/mixamorig:LeftShoulder/mixamorig:LeftArm/mixamorig:LeftForeArm/mixamorig:LeftHand/mixamorig:LeftHandMiddle1/mixamorig:LeftHandMiddle2",
                "Armature/mixamorig:Hips/mixamorig:Spine/mixamorig:Spine1/mixamorig:Spine2/mixamorig:LeftShoulder/mixamorig:LeftArm/mixamorig:LeftForeArm/mixamorig:LeftHand/mixamorig:LeftHandMiddle1/mixamorig:LeftHandMiddle2/mixamorig:LeftHandMiddle3",
                "Armature/mixamorig:Hips/mixamorig:Spine/mixamorig:Spine1/mixamorig:Spine2/mixamorig:LeftShoulder/mixamorig:LeftArm/mixamorig:LeftForeArm/mixamorig:LeftHand/mixamorig:LeftHandRing1",
                "Armature/mixamorig:Hips/mixamorig:Spine/mixamorig:Spine1/mixamorig:Spine2/mixamorig:LeftShoulder/mixamorig:LeftArm/mixamorig:LeftForeArm/mixamorig:LeftHand/mixamorig:LeftHandRing1/mixamorig:LeftHandRing2",
                "Armature/mixamorig:Hips/mixamorig:Spine/mixamorig:Spine1/mixamorig:Spine2/mixamorig:LeftShoulder/mixamorig:LeftArm/mixamorig:LeftForeArm/mixamorig:LeftHand/mixamorig:LeftHandRing1/mixamorig:LeftHandRing2/mixamorig:LeftHandRing3",
                "Armature/mixamorig:Hips/mixamorig:Spine/mixamorig:Spine1/mixamorig:Spine2/mixamorig:LeftShoulder/mixamorig:LeftArm/mixamorig:LeftForeArm/mixamorig:LeftHand/mixamorig:LeftHandPinky1",
                "Armature/mixamorig:Hips/mixamorig:Spine/mixamorig:Spine1/mixamorig:Spine2/mixamorig:LeftShoulder/mixamorig:LeftArm/mixamorig:LeftForeArm/mixamorig:LeftHand/mixamorig:LeftHandPinky1/mixamorig:LeftHandPinky2",
                "Armature/mixamorig:Hips/mixamorig:Spine/mixamorig:Spine1/mixamorig:Spine2/mixamorig:LeftShoulder/mixamorig:LeftArm/mixamorig:LeftForeArm/mixamorig:LeftHand/mixamorig:LeftHandPinky1/mixamorig:LeftHandPinky2/mixamorig:LeftHandPinky3",
                "Armature/mixamorig:Hips/mixamorig:Spine/mixamorig:Spine1/mixamorig:Spine2/mixamorig:RightShoulder",
                "Armature/mixamorig:Hips/mixamorig:Spine/mixamorig:Spine1/mixamorig:Spine2/mixamorig:RightShoulder/mixamorig:RightArm",
                "Armature/mixamorig:Hips/mixamorig:Spine/mixamorig:Spine1/mixamorig:Spine2/mixamorig:RightShoulder/mixamorig:RightArm/mixamorig:RightForeArm",
                "Armature/mixamorig:Hips/mixamorig:Spine/mixamorig:Spine1/mixamorig:Spine2/mixamorig:RightShoulder/mixamorig:RightArm/mixamorig:RightForeArm/mixamorig:RightHand",
                "Armature/mixamorig:Hips/mixamorig:Spine/mixamorig:Spine1/mixamorig:Spine2/mixamorig:RightShoulder/mixamorig:RightArm/mixamorig:RightForeArm/mixamorig:RightHand/mixamorig:RightHandThumb1",
                "Armature/mixamorig:Hips/mixamorig:Spine/mixamorig:Spine1/mixamorig:Spine2/mixamorig:RightShoulder/mixamorig:RightArm/mixamorig:RightForeArm/mixamorig:RightHand/mixamorig:RightHandThumb1/mixamorig:RightHandThumb2",
                "Armature/mixamorig:Hips/mixamorig:Spine/mixamorig:Spine1/mixamorig:Spine2/mixamorig:RightShoulder/mixamorig:RightArm/mixamorig:RightForeArm/mixamorig:RightHand/mixamorig:RightHandThumb1/mixamorig:RightHandThumb2/mixamorig:RightHandThumb3",
                "Armature/mixamorig:Hips/mixamorig:Spine/mixamorig:Spine1/mixamorig:Spine2/mixamorig:RightShoulder/mixamorig:RightArm/mixamorig:RightForeArm/mixamorig:RightHand/mixamorig:RightHandIndex1",
                "Armature/mixamorig:Hips/mixamorig:Spine/mixamorig:Spine1/mixamorig:Spine2/mixamorig:RightShoulder/mixamorig:RightArm/mixamorig:RightForeArm/mixamorig:RightHand/mixamorig:RightHandIndex1/mixamorig:RightHandIndex2",
                "Armature/mixamorig:Hips/mixamorig:Spine/mixamorig:Spine1/mixamorig:Spine2/mixamorig:RightShoulder/mixamorig:RightArm/mixamorig:RightForeArm/mixamorig:RightHand/mixamorig:RightHandIndex1/mixamorig:RightHandIndex2/mixamorig:RightHandIndex3",
                "Armature/mixamorig:Hips/mixamorig:Spine/mixamorig:Spine1/mixamorig:Spine2/mixamorig:RightShoulder/mixamorig:RightArm/mixamorig:RightForeArm/mixamorig:RightHand/mixamorig:RightHandMiddle1",
                "Armature/mixamorig:Hips/mixamorig:Spine/mixamorig:Spine1/mixamorig:Spine2/mixamorig:RightShoulder/mixamorig:RightArm/mixamorig:RightForeArm/mixamorig:RightHand/mixamorig:RightHandMiddle1/mixamorig:RightHandMiddle2",
                "Armature/mixamorig:Hips/mixamorig:Spine/mixamorig:Spine1/mixamorig:Spine2/mixamorig:RightShoulder/mixamorig:RightArm/mixamorig:RightForeArm/mixamorig:RightHand/mixamorig:RightHandMiddle1/mixamorig:RightHandMiddle2/mixamorig:RightHandMiddle3",
                "Armature/mixamorig:Hips/mixamorig:Spine/mixamorig:Spine1/mixamorig:Spine2/mixamorig:RightShoulder/mixamorig:RightArm/mixamorig:RightForeArm/mixamorig:RightHand/mixamorig:RightHandRing1",
                "Armature/mixamorig:Hips/mixamorig:Spine/mixamorig:Spine1/mixamorig:Spine2/mixamorig:RightShoulder/mixamorig:RightArm/mixamorig:RightForeArm/mixamorig:RightHand/mixamorig:RightHandRing1/mixamorig:RightHandRing2",
                "Armature/mixamorig:Hips/mixamorig:Spine/mixamorig:Spine1/mixamorig:Spine2/mixamorig:RightShoulder/mixamorig:RightArm/mixamorig:RightForeArm/mixamorig:RightHand/mixamorig:RightHandRing1/mixamorig:RightHandRing2/mixamorig:RightHandRing3",
                "Armature/mixamorig:Hips/mixamorig:Spine/mixamorig:Spine1/mixamorig:Spine2/mixamorig:RightShoulder/mixamorig:RightArm/mixamorig:RightForeArm/mixamorig:RightHand/mixamorig:RightHandPinky1",
                "Armature/mixamorig:Hips/mixamorig:Spine/mixamorig:Spine1/mixamorig:Spine2/mixamorig:RightShoulder/mixamorig:RightArm/mixamorig:RightForeArm/mixamorig:RightHand/mixamorig:RightHandPinky1/mixamorig:RightHandPinky2",
                "Armature/mixamorig:Hips/mixamorig:Spine/mixamorig:Spine1/mixamorig:Spine2/mixamorig:RightShoulder/mixamorig:RightArm/mixamorig:RightForeArm/mixamorig:RightHand/mixamorig:RightHandPinky1/mixamorig:RightHandPinky2/mixamorig:RightHandPinky3",
                "Armature/mixamorig:Hips/mixamorig:LeftUpLeg",
                "Armature/mixamorig:Hips/mixamorig:LeftUpLeg/mixamorig:LeftLeg",
                "Armature/mixamorig:Hips/mixamorig:LeftUpLeg/mixamorig:LeftLeg/mixamorig:LeftFoot",
                "Armature/mixamorig:Hips/mixamorig:LeftUpLeg/mixamorig:LeftLeg/mixamorig:LeftFoot/mixamorig:LeftToeBase",
                "Armature/mixamorig:Hips/mixamorig:RightUpLeg",
                "Armature/mixamorig:Hips/mixamorig:RightUpLeg/mixamorig:RightLeg",
                "Armature/mixamorig:Hips/mixamorig:RightUpLeg/mixamorig:RightLeg/mixamorig:RightFoot",
                "Armature/mixamorig:Hips/mixamorig:RightUpLeg/mixamorig:RightLeg/mixamorig:RightFoot/mixamorig:RightToeBase"
            ],
            [
                [
                    [
                        7,
                        0.9999999403953552,
                        2.6775528461087106e-9,
                        -3.725290076417309e-9,
                        0,
                        2.67755462246555e-9,
                        -0.9999999403953552,
                        4.7585564288965543e-7,
                        0,
                        -3.7252887441496796e-9,
                        -4.7585564288965543e-7,
                        -0.9999999403953552,
                        0,
                        -7.799826562404633e-9,
                        -1.085512399673462,
                        -0.009404623880982399,
                        1
                    ],
                    [
                        7,
                        0.9999999403953552,
                        3.15919268523146e-9,
                        -3.3266467358572527e-9,
                        0,
                        2.677554844510155e-9,
                        -0.990713894367218,
                        -0.13596312701702118,
                        0,
                        -3.7252889661942845e-9,
                        0.13596312701702118,
                        -0.990713894367218,
                        0,
                        -7.799826562404633e-9,
                        -1.1785081624984741,
                        -0.15690746903419495,
                        1
                    ],
                    [
                        7,
                        0.9999999403953552,
                        3.1591917970530403e-9,
                        -3.3266467358572527e-9,
                        0,
                        2.67755417837634e-9,
                        -0.9907137751579285,
                        -0.13596302270889282,
                        0,
                        -3.7252885221050747e-9,
                        0.13596302270889282,
                        -0.9907137751579285,
                        0,
                        -7.799826562404633e-9,
                        -1.3002549409866333,
                        -0.1569073498249054,
                        1
                    ],
                    [
                        7,
                        0.9999999403953552,
                        3.1591917970530403e-9,
                        -3.3266474019910675e-9,
                        0,
                        2.677554844510155e-9,
                        -0.990713894367218,
                        -0.13596290349960327,
                        0,
                        -3.7252889661942845e-9,
                        0.13596290349960327,
                        -0.990713894367218,
                        0,
                        -7.799826562404633e-9,
                        -1.4393945932388306,
                        -0.15690717101097107,
                        1
                    ],
                    [
                        7,
                        0.9999999403953552,
                        2.6775528461087106e-9,
                        -3.725290742551124e-9,
                        0,
                        2.67755462246555e-9,
                        -0.9999999403953552,
                        4.7468097363889683e-7,
                        0,
                        -3.7252891882388894e-9,
                        -4.746809452171874e-7,
                        -1,
                        0,
                        -7.799826562404633e-9,
                        -1.6024402379989624,
                        0.06153751164674759,
                        1
                    ],
                    [
                        7,
                        0.9999999403953552,
                        2.6775528461087106e-9,
                        -3.725290742551124e-9,
                        0,
                        2.67755462246555e-9,
                        -0.9999999403953552,
                        4.756730618282745e-7,
                        0,
                        -3.7252891882388894e-9,
                        -4.756730334065651e-7,
                        -1,
                        0,
                        -7.799826562404633e-9,
                        -1.6937774419784546,
                        0.029264189302921295,
                        1
                    ],
                    [
                        7,
                        -0.039582639932632446,
                        0.9604892730712891,
                        -0.2754879295825958,
                        0,
                        0.13604052364826202,
                        0.27831703424453735,
                        0.9508063793182373,
                        0,
                        0.9899122714996338,
                        0.0001579022064106539,
                        -0.1416819840669632,
                        0,
                        0.15705183148384094,
                        0.35510537028312683,
                        1.532128095626831,
                        1
                    ],
                    [
                        7,
                        0.01202358491718769,
                        0.8395065665245056,
                        -0.5432164669036865,
                        0,
                        0.15078125894069672,
                        0.5355216264724731,
                        0.8309521675109863,
                        0,
                        0.9884940385818481,
                        -0.0918978825211525,
                        -0.12014298141002655,
                        0,
                        0.1659400314092636,
                        0.599925696849823,
                        1.4189711809158325,
                        1
                    ],
                    [
                        7,
                        0.07753731310367584,
                        0.9423987865447998,
                        -0.3253808319568634,
                        0,
                        0.19213631749153137,
                        0.3061210513114929,
                        0.9324021339416504,
                        0,
                        0.9783004522323608,
                        -0.13481342792510986,
                        -0.15733321011066437,
                        0,
                        0.19299161434173584,
                        -0.013607361353933811,
                        1.4588148593902588,
                        1
                    ],
                    [
                        7,
                        0.16915632784366608,
                        0.8529495000839233,
                        -0.49382519721984863,
                        0,
                        0.14053209125995636,
                        0.4750525653362274,
                        0.8686631917953491,
                        0,
                        0.9755190014839172,
                        -0.2163381278514862,
                        -0.039508625864982605,
                        0,
                        0.059905603528022766,
                        0.018695024773478508,
                        1.494336485862732,
                        1
                    ],
                    [
                        7,
                        0.6403179168701172,
                        0.36474114656448364,
                        -0.6759857535362244,
                        0,
                        0.39400118589401245,
                        0.5994971394538879,
                        0.6966822743415833,
                        0,
                        0.6593602299690247,
                        -0.7124373912811279,
                        0.24016036093235016,
                        0,
                        0.0546661913394928,
                        0.469674289226532,
                        1.396491289138794,
                        1
                    ],
                    [
                        7,
                        0.6403185129165649,
                        -0.008487163111567497,
                        -0.7680627107620239,
                        0,
                        0.39400115609169006,
                        0.8619958162307739,
                        0.3189457654953003,
                        0,
                        0.6593598127365112,
                        -0.5068444013595581,
                        0.5552958250045776,
                        0,
                        0.0508953221142292,
                        1.0437487363815308,
                        1.0182664394378662,
                        1
                    ],
                    [
                        7,
                        0.6403182148933411,
                        0.09426487982273102,
                        -0.7623035311698914,
                        0,
                        0.3940008878707886,
                        0.8116220235824585,
                        0.431315541267395,
                        0,
                        0.6593602895736694,
                        -0.57652747631073,
                        0.48255589604377747,
                        0,
                        0.05718682333827019,
                        0.8465996384620667,
                        1.1416881084442139,
                        1
                    ],
                    [
                        7,
                        0.17914697527885437,
                        0.8168303966522217,
                        -0.5483559966087341,
                        0,
                        0.14609107375144958,
                        0.5291067361831665,
                        0.835884690284729,
                        0,
                        0.9729153513908386,
                        -0.22985607385635376,
                        -0.024543752893805504,
                        0,
                        0.11164738237857819,
                        -0.04956071451306343,
                        1.502247929573059,
                        1
                    ],
                    [
                        7,
                        0.1791461706161499,
                        0.7095260620117188,
                        -0.6815271973609924,
                        0,
                        0.1460917890071869,
                        0.6658685803413391,
                        0.7316257357597351,
                        0,
                        0.9729153513908386,
                        -0.2306334674358368,
                        0.015631865710020065,
                        0,
                        0.11125066131353378,
                        0.16085845232009888,
                        1.4970097541809082,
                        1
                    ],
                    [
                        7,
                        0.17914710938930511,
                        0.5654732584953308,
                        -0.8050752878189087,
                        0,
                        0.14609180390834808,
                        0.7939510941505432,
                        0.5901684165000916,
                        0,
                        0.9729152321815491,
                        -0.22334183752536774,
                        0.059623029083013535,
                        0,
                        0.11125176399946213,
                        0.39489173889160156,
                        1.4481332302093506,
                        1
                    ],
                    [
                        7,
                        0.08636955916881561,
                        0.81822669506073,
                        -0.5683709383010864,
                        0,
                        0.09420815855264664,
                        0.5612386465072632,
                        0.8222750425338745,
                        0,
                        0.9917990565299988,
                        -0.12456467747688293,
                        -0.028609687462449074,
                        0,
                        0.09403857588768005,
                        -0.017113279551267624,
                        1.5040065050125122,
                        1
                    ],
                    [
                        7,
                        0.08636964857578278,
                        0.666557252407074,
                        -0.7404335737228394,
                        0,
                        0.09420780092477798,
                        0.7344161868095398,
                        0.6721293926239014,
                        0,
                        0.9917991161346436,
                        -0.1278061866760254,
                        0.0006363728898577392,
                        0,
                        0.09389220178127289,
                        0.2785777747631073,
                        1.4795072078704834,
                        1
                    ],
                    [
                        7,
                        0.08636874705553055,
                        0.5275356769561768,
                        -0.8451312184333801,
                        0,
                        0.09420847147703171,
                        0.8401751518249512,
                        0.5340698957443237,
                        0,
                        0.9917991757392883,
                        -0.12574543058872223,
                        0.022866547107696533,
                        0,
                        0.09391968697309494,
                        0.4874684810638428,
                        1.4162867069244385,
                        1
                    ],
                    [
                        7,
                        0.10238058865070343,
                        0.7339541912078857,
                        -0.671438455581665,
                        0,
                        0.10320102423429489,
                        0.6635058522224426,
                        0.7410193085670471,
                        0,
                        0.9893776774406433,
                        -0.1451590657234192,
                        -0.007814704440534115,
                        0,
                        0.05094411224126816,
                        0.18291613459587097,
                        1.4934486150741577,
                        1
                    ],
                    [
                        7,
                        0.1023804172873497,
                        0.7022204995155334,
                        -0.7045599222183228,
                        0,
                        0.10320113599300385,
                        0.6969615817070007,
                        0.7096437215805054,
                        0,
                        0.9893777370452881,
                        -0.14536498486995697,
                        -0.0011147307232022285,
                        0,
                        0.05088450014591217,
                        0.20401036739349365,
                        1.4856228828430176,
                        1
                    ],
                    [
                        7,
                        0.10238202661275864,
                        0.6217077374458313,
                        -0.7765291929244995,
                        0,
                        0.10319990664720535,
                        0.7697803974151611,
                        0.6299111247062683,
                        0,
                        0.9893777370452881,
                        -0.14462925493717194,
                        0.014651493169367313,
                        0,
                        0.05086758732795715,
                        0.31999093294143677,
                        1.4595365524291992,
                        1
                    ],
                    [
                        7,
                        0.08950025588274002,
                        0.7792161107063293,
                        -0.6203320026397705,
                        0,
                        0.09596748650074005,
                        0.6131867170333862,
                        0.7840868234634399,
                        0,
                        0.9913526177406311,
                        -0.12970766425132751,
                        -0.019899046048521996,
                        0,
                        0.021249322220683098,
                        0.0875936821103096,
                        1.5027858018875122,
                        1
                    ],
                    [
                        7,
                        0.08950041979551315,
                        0.7140042185783386,
                        -0.6943973898887634,
                        0,
                        0.095967136323452,
                        0.6877691149711609,
                        0.7195581197738647,
                        0,
                        0.9913527369499207,
                        -0.1310400664806366,
                        -0.006965313572436571,
                        0,
                        0.02117425762116909,
                        0.18896354734897614,
                        1.491407036781311,
                        1
                    ],
                    [
                        7,
                        0.08950132876634598,
                        0.6243447661399841,
                        -0.7760047316551208,
                        0,
                        0.09596649557352066,
                        0.770100474357605,
                        0.6306630373001099,
                        0,
                        0.9913526773452759,
                        -0.1309155970811844,
                        0.009008835069835186,
                        0,
                        0.0211747195571661,
                        0.32916685938835144,
                        1.4622466564178467,
                        1
                    ],
                    [
                        7,
                        -0.039256978780031204,
                        -0.9604892730712891,
                        0.27553436160087585,
                        0,
                        -0.13603909313678741,
                        0.27831682562828064,
                        0.9508066177368164,
                        0,
                        -0.9899253845214844,
                        -0.00015764881391078234,
                        -0.14158998429775238,
                        0,
                        -0.1570492386817932,
                        0.35512441396713257,
                        1.5321224927902222,
                        1
                    ],
                    [
                        7,
                        0.012221370823681355,
                        -0.8394955992698669,
                        0.5432291030883789,
                        0,
                        -0.15074431896209717,
                        0.5355138182640076,
                        0.8309639692306519,
                        0,
                        -0.9884971976280212,
                        -0.09204423427581787,
                        -0.12000450491905212,
                        0,
                        -0.16591769456863403,
                        0.599917471408844,
                        1.4189733266830444,
                        1
                    ],
                    [
                        7,
                        0.07796591520309448,
                        -0.9423406720161438,
                        0.32544639706611633,
                        0,
                        -0.19224315881729126,
                        0.3061029016971588,
                        0.9323859214782715,
                        0,
                        -0.9782452583312988,
                        -0.13525918126106262,
                        -0.15729297697544098,
                        0,
                        -0.1930614560842514,
                        -0.013604549691081047,
                        1.458802580833435,
                        1
                    ],
                    [
                        7,
                        0.17208918929100037,
                        -0.8528043627738953,
                        0.4930620789527893,
                        0,
                        -0.14428550004959106,
                        0.47330984473228455,
                        0.868999183177948,
                        0,
                        -0.9744572639465332,
                        -0.2206871211528778,
                        -0.04159580171108246,
                        0,
                        -0.06299316883087158,
                        0.01647353731095791,
                        1.494234561920166,
                        1
                    ],
                    [
                        7,
                        0.6199402213096619,
                        -0.38037922978401184,
                        0.6862840056419373,
                        0,
                        -0.3844890892505646,
                        0.615169882774353,
                        0.6882835626602173,
                        0,
                        -0.683989942073822,
                        -0.6905635595321655,
                        0.2351168692111969,
                        0,
                        -0.05822554975748062,
                        0.4795782268047333,
                        1.392853856086731,
                        1
                    ],
                    [
                        7,
                        0.6199395060539246,
                        -0.011663712561130524,
                        0.7845629453659058,
                        0,
                        -0.3844902813434601,
                        0.8671020269393921,
                        0.3167041540145874,
                        0,
                        -0.683989942073822,
                        -0.4979942739009857,
                        0.5330661535263062,
                        0,
                        -0.055670011788606644,
                        1.03626549243927,
                        1.0252662897109985,
                        1
                    ],
                    [
                        7,
                        0.6199393272399902,
                        -0.010662594810128212,
                        0.7845771312713623,
                        0,
                        -0.38448941707611084,
                        0.8675060868263245,
                        0.31559666991233826,
                        0,
                        -0.6839905381202698,
                        -0.4973125755786896,
                        0.5337013602256775,
                        0,
                        -0.06347382813692093,
                        0.9851567149162292,
                        1.024008870124817,
                        1
                    ],
                    [
                        7,
                        0.10883218050003052,
                        -0.7987244725227356,
                        0.591772735118866,
                        0,
                        -0.10904620587825775,
                        0.5821234583854675,
                        0.805755078792572,
                        0,
                        -0.9880610108375549,
                        -0.1522226631641388,
                        -0.02374410256743431,
                        0,
                        -0.1317988932132721,
                        0.027110934257507324,
                        1.5033427476882935,
                        1
                    ],
                    [
                        7,
                        0.10883264988660812,
                        -0.7057093977928162,
                        0.7000927329063416,
                        0,
                        -0.1090455949306488,
                        0.6915503740310669,
                        0.7140499353408813,
                        0,
                        -0.9880610704421997,
                        -0.15405398607254028,
                        -0.0016912369756028056,
                        0,
                        -0.13167011737823486,
                        0.1935664564371109,
                        1.490991473197937,
                        1
                    ],
                    [
                        7,
                        0.1088314950466156,
                        -0.6182718873023987,
                        0.7783928513526917,
                        0,
                        -0.10904637724161148,
                        0.7708931565284729,
                        0.6275609731674194,
                        0,
                        -0.9880610108375549,
                        -0.15317940711975098,
                        0.01647714339196682,
                        0,
                        -0.1316872537136078,
                        0.3226993680000305,
                        1.4631547927856445,
                        1
                    ],
                    [
                        7,
                        0.09604324400424957,
                        -0.7961068749427795,
                        0.5974862575531006,
                        0,
                        -0.10188933461904526,
                        0.5892451405525208,
                        0.8015041947364807,
                        0,
                        -0.9901484251022339,
                        -0.137856587767601,
                        -0.024521786719560623,
                        0,
                        -0.09450109302997589,
                        0.04087486118078232,
                        1.505082130432129,
                        1
                    ],
                    [
                        7,
                        0.096042700111866,
                        -0.6901326179504395,
                        0.7172815799713135,
                        0,
                        -0.101889967918396,
                        0.71001136302948,
                        0.6967800855636597,
                        0,
                        -0.9901484847068787,
                        -0.1400044858455658,
                        -0.0021261810325086117,
                        0,
                        -0.09442572295665741,
                        0.2333846092224121,
                        1.4868972301483154,
                        1
                    ],
                    [
                        7,
                        0.0960426926612854,
                        -0.7099428176879883,
                        0.6976797580718994,
                        0,
                        -0.10188941657543182,
                        0.6902263164520264,
                        0.7163841724395752,
                        0,
                        -0.9901484251022339,
                        -0.13988973200321198,
                        -0.006044464185833931,
                        0,
                        -0.09447930753231049,
                        0.14524175226688385,
                        1.4915484189987183,
                        1
                    ],
                    [
                        7,
                        0.08919241279363632,
                        -0.7600463628768921,
                        0.6437191367149353,
                        0,
                        -0.09805023670196533,
                        0.6364556550979614,
                        0.7650558948516846,
                        0,
                        -0.9911766052246094,
                        -0.13135398924350739,
                        -0.017755702137947083,
                        0,
                        -0.05636027827858925,
                        0.1265675127506256,
                        1.4983437061309814,
                        1
                    ],
                    [
                        7,
                        0.08919151872396469,
                        -0.6826629638671875,
                        0.7252697944641113,
                        0,
                        -0.09805069118738174,
                        0.7186171412467957,
                        0.6884589195251465,
                        0,
                        -0.991176426410675,
                        -0.13251793384552002,
                        -0.0028410207014530897,
                        0,
                        -0.056299977004528046,
                        0.24768397212028503,
                        1.4798582792282104,
                        1
                    ],
                    [
                        7,
                        0.08919158577919006,
                        -0.6470744609832764,
                        0.7571918964385986,
                        0,
                        -0.09805090725421906,
                        0.7508248686790466,
                        0.6531829833984375,
                        0,
                        -0.9911764860153198,
                        -0.1325017809867859,
                        0.003521024016663432,
                        0,
                        -0.05631863698363304,
                        0.27369028329849243,
                        1.468416690826416,
                        1
                    ],
                    [
                        7,
                        0.10372114926576614,
                        -0.7778164744377136,
                        0.6198737025260925,
                        0,
                        -0.10618767142295837,
                        0.6110131144523621,
                        0.7844660878181458,
                        0,
                        -0.9889216423034668,
                        -0.1471886932849884,
                        -0.01921953819692135,
                        0,
                        -0.020497294142842293,
                        0.0885426327586174,
                        1.5026726722717285,
                        1
                    ],
                    [
                        7,
                        0.10372216254472733,
